[mvey0559.jpg]
filters=tint=1,-1.000000,ffffffff;tint=1,0.000000,ffffffff;warm=1;sat=1,0.161800;
moddate=7ee86557e2d2ca01
width=700
height=454
textactive=0
